free_thresh: 0.196
image: map.pgm
negate: 0
occupied_thresh: 0.65
origin: [-1.6499999999999915, -0.9499999999999886, 0.0]
resolution: 0.05
